totalIterations -> 1
r2 -> 0.7933795612535885
r2adj -> 0.7462556015394948
objectiveHistory -> 0.0
rootMeanSquareError -> 14.08777729096173
explainedVariance -> 753.9804139046963
featuresCol -> f e a t u r e s
degreesOfFreedom -> 57
labelCol -> ArrDelay
meanSquaredError -> 198.46546899973703
meanAbsoluteError -> 11.254938369235306
pvalues -> 1.0 1.0 6.83810999426715E-5 0.7896185425169449 0.5983875340200353 0.7515942653703276 1.0 0.5011955876603242 0.14957923233026316 7.2633681291733865E-9 1.0 1.0 1.0 0.38661195823923156
tvalues -> 0.0 0.0 4.2965213130105555 -0.2680630029511192 -0.5296849845958642 0.3180699893951287 0.0 0.6769186737227241 -1.460733404212004 6.784658114706883 0.0 0.0 0.0 0.8724710533171972
coefficientStandardErrors -> Infinity Infinity 0.21740699867215527 0.9265902123900699 0.07528330595588723 0.07526747388570794 Infinity 0.014120693015750072 0.11819210674406262 0.1421473039272465 Infinity Infinity Infinity 19.446731676866197
devianceResiduals -> -30.268962586780816 35.01994333364957
residuals -> [2.291280730511872] [-5.1418463237240495] [5.106838969852674] [-0.14880573209164538] [32.6627885258296] [-1.4943614483077248] [-9.649395313787664] [-6.644852659121167] [-14.468904089609964] [2.5351223013711888] [12.944348030445624] [13.01179679960269] [5.884280659892346] [28.62342999412488] [15.905337656496158] [9.37511794884601] [-11.275949608685348] [-12.441827374393375] [4.43347649883043] [-3.787399630055532] [9.86585713655758] [-10.449855329391902] [-2.4478017993327796] [-3.4617403030412532] [1.0153844766829874] [6.759693078486203] [13.102277725011938] [-10.106078659875632] [-17.110799106405832] [-30.268962586780816] [-30.22956814502599] [-18.082172941962078] [-19.08755615832591] [-25.80741637899831] [-6.098602985748483] [-19.868724615688357] [-12.564503393265461] [-9.602851839516376] [0.06720553296419496] [17.276505945511474] [23.950887102771397] [35.01994333364957] [12.174977738452533] [-14.184305374205074] [-8.746136608647069] [-1.0389205538747497] [-18.04449883322083] [24.50563630968928] [0.5208524658888471] [15.196473084632247] [0.044673220187171125] [15.302024024417726] [21.870765307923577] [9.165770518854096] [14.178708263426497] [-4.849637182514215] [10.643266894642153] [-9.10513415876133] [-11.57491726003364] [-0.358799500108681] [4.087116472733705] [-0.9499756808453057] [-10.9714639361667] [-18.404731630741146] [-5.579007543242383] [-8.748323448900422] [4.926574283794107] [15.133056233547542] [-0.3451544629349428] [-6.409329510521147] [11.968844842225053]
numInstances -> 71
predictions -> [1996,1,1,1,850,845,1035,DL,989,N677DL,230,19.0,5,ATL,PHX,1587,32,0,0.0,9.0,0.0,0.0,[1996.0,1.0,1.0,1.0,850.0,845.0,0.0,989.0,9.0,5.0,1587.0,0.0,0.0],16.708719269488128] [1996,1,1,1,1240,1215,1412,DL,723,N632DL,237,23.0,25,ATL,PHX,1587,17,0,0.0,1.0,0.0,0.0,[1996.0,1.0,1.0,1.0,1240.0,1215.0,0.0,723.0,1.0,25.0,1587.0,0.0,0.0],28.14184632372405] [1996,1,1,1,1730,1550,1745,DL,411,N522DA,235,84.0,100,ATL,PHX,1587,14,0,0.0,42.0,0.0,0.0,[1996.0,1.0,1.0,1.0,1730.0,1550.0,0.0,411.0,42.0,100.0,1587.0,0.0,0.0],78.89316103014733] [1996,1,1,1,1806,1730,1940,DL,689,N604DL,250,27.0,36,ATL,PHX,1587,24,0,0.0,7.0,0.0,0.0,[1996.0,1.0,1.0,1.0,1806.0,1730.0,0.0,689.0,7.0,36.0,1587.0,0.0,0.0],27.148805732091645] [1996,1,2,2,907,845,1035,DL,989,N663DN,230,59.0,22,ATL,PHX,1587,50,0,0.0,39.0,0.0,0.0,[1996.0,1.0,2.0,2.0,907.0,845.0,0.0,989.0,39.0,22.0,1587.0,0.0,0.0],26.3372114741704] [1996,1,2,2,1247,1215,1412,DL,723,N627DL,237,25.0,32,ATL,PHX,1587,21,0,0.0,52.0,0.0,0.0,[1996.0,1.0,2.0,2.0,1247.0,1215.0,0.0,723.0,52.0,32.0,1587.0,0.0,0.0],26.494361448307725] [1996,1,2,2,1714,1550,1745,DL,411,N2824W,235,56.0,84,ATL,PHX,1587,8,0,0.0,37.0,0.0,0.0,[1996.0,1.0,2.0,2.0,1714.0,1550.0,0.0,411.0,37.0,84.0,1587.0,0.0,0.0],65.64939531378766] [1996,1,2,2,1813,1730,1940,DL,689,N631DL,250,23.0,43,ATL,PHX,1587,17,0,0.0,34.0,0.0,0.0,[1996.0,1.0,2.0,2.0,1813.0,1730.0,0.0,689.0,34.0,43.0,1587.0,0.0,0.0],29.644852659121167] [1996,1,3,3,854,845,1035,DL,989,N675DL,230,8.0,9,ATL,PHX,1587,11,0,0.0,5.0,0.0,0.0,[1996.0,1.0,3.0,3.0,854.0,845.0,0.0,989.0,5.0,9.0,1587.0,0.0,0.0],22.468904089609964] [1996,1,3,3,1317,1215,1412,DL,723,N656DL,237,60.0,62,ATL,PHX,1587,16,0,0.0,28.0,0.0,0.0,[1996.0,1.0,3.0,3.0,1317.0,1215.0,0.0,723.0,28.0,62.0,1587.0,0.0,0.0],57.46487769862881] [1996,1,4,4,1246,1215,1412,DL,723,N675DL,237,48.0,31,ATL,PHX,1587,17,0,0.0,5.0,0.0,0.0,[1996.0,1.0,4.0,4.0,1246.0,1215.0,0.0,723.0,5.0,31.0,1587.0,0.0,0.0],35.055651969554376] [1996,1,4,4,1558,1550,1745,DL,411,N536DA,235,19.0,8,ATL,PHX,1587,17,0,0.0,2.0,0.0,0.0,[1996.0,1.0,4.0,4.0,1558.0,1550.0,0.0,411.0,2.0,8.0,1587.0,0.0,0.0],5.98820320039731] [1996,1,4,4,1744,1730,1940,DL,689,N677DL,250,16.0,14,ATL,PHX,1587,19,0,0.0,9.0,0.0,0.0,[1996.0,1.0,4.0,4.0,1744.0,1730.0,0.0,689.0,9.0,14.0,1587.0,0.0,0.0],10.115719340107654] [1996,1,5,5,1221,1215,1412,DL,723,N683DA,237,34.0,6,ATL,PHX,1587,30,0,0.0,47.0,0.0,0.0,[1996.0,1.0,5.0,5.0,1221.0,1215.0,0.0,723.0,47.0,6.0,1587.0,0.0,0.0],5.37657000587512] [1996,1,5,5,1557,1550,1745,DL,411,N537DA,235,22.0,7,ATL,PHX,1587,22,0,0.0,0.0,0.0,0.0,[1996.0,1.0,5.0,5.0,1557.0,1550.0,0.0,411.0,0.0,7.0,1587.0,0.0,0.0],6.094662343503842] [1996,1,5,5,1739,1730,1940,DL,689,N654DL,250,14.0,9,ATL,PHX,1587,28,0,0.0,18.0,0.0,0.0,[1996.0,1.0,5.0,5.0,1739.0,1730.0,0.0,689.0,18.0,9.0,1587.0,0.0,0.0],4.624882051153991] [1996,1,6,6,1242,1215,1412,DL,723,N636DL,237,18.0,27,ATL,PHX,1587,9,0,0.0,25.0,0.0,0.0,[1996.0,1.0,6.0,6.0,1242.0,1215.0,0.0,723.0,25.0,27.0,1587.0,0.0,0.0],29.275949608685348] [1996,1,6,6,1604,1550,1745,DL,411,N531DA,235,-7.0,14,ATL,PHX,1587,6,0,0.0,36.0,0.0,0.0,[1996.0,1.0,6.0,6.0,1604.0,1550.0,0.0,411.0,36.0,14.0,1587.0,0.0,0.0],5.441827374393375] [1996,1,6,6,2007,1730,1940,DL,689,N647DL,250,143.0,157,ATL,PHX,1587,19,0,0.0,11.0,0.0,0.0,[1996.0,1.0,6.0,6.0,2007.0,1730.0,0.0,689.0,11.0,157.0,1587.0,0.0,0.0],138.56652350116957] [1996,1,7,7,1426,1215,1412,DL,723,N622DL,237,120.0,131,ATL,PHX,1587,13,0,0.0,20.0,0.0,0.0,[1996.0,1.0,7.0,7.0,1426.0,1215.0,0.0,723.0,20.0,131.0,1587.0,0.0,0.0],123.78739963005553] [1996,1,7,7,1743,1550,1745,DL,411,N499DA,235,108.0,113,ATL,PHX,1587,21,0,0.0,24.0,0.0,0.0,[1996.0,1.0,7.0,7.0,1743.0,1550.0,0.0,411.0,24.0,113.0,1587.0,0.0,0.0],98.13414286344242] [1996,1,7,7,1804,1730,1940,DL,689,N632DL,250,20.0,34,ATL,PHX,1587,17,0,0.0,1.0,0.0,0.0,[1996.0,1.0,7.0,7.0,1804.0,1730.0,0.0,689.0,1.0,34.0,1587.0,0.0,0.0],30.4498553293919] [1996,1,8,1,1646,1550,1745,DL,411,N2814W,235,42.0,56,ATL,PHX,1587,11,0,0.0,53.0,0.0,0.0,[1996.0,1.0,8.0,1.0,1646.0,1550.0,0.0,411.0,53.0,56.0,1587.0,0.0,0.0],44.44780179933278] [1996,1,8,1,1856,1730,1940,DL,689,N605DL,250,73.0,86,ATL,PHX,1587,12,0,0.0,27.0,0.0,0.0,[1996.0,1.0,8.0,1.0,1856.0,1730.0,0.0,689.0,27.0,86.0,1587.0,0.0,0.0],76.46174030304125] [1996,1,9,2,1228,1215,1412,DL,723,N660DL,237,17.0,13,ATL,PHX,1587,19,0,0.0,49.0,0.0,0.0,[1996.0,1.0,9.0,2.0,1228.0,1215.0,0.0,723.0,49.0,13.0,1587.0,0.0,0.0],15.984615523317013] [1996,1,9,2,1744,1730,1940,DL,689,N666DN,250,16.0,14,ATL,PHX,1587,33,0,0.0,44.0,0.0,0.0,[1996.0,1.0,9.0,2.0,1744.0,1730.0,0.0,689.0,44.0,14.0,1587.0,0.0,0.0],9.240306921513797] [1996,1,10,3,1748,1730,1940,DL,689,N670DN,250,25.0,18,ATL,PHX,1587,38,0,0.0,54.0,0.0,0.0,[1996.0,1.0,10.0,3.0,1748.0,1730.0,0.0,689.0,54.0,18.0,1587.0,0.0,0.0],11.897722274988062] [1996,1,11,4,1215,1215,1412,DL,723,N637DL,237,3.0,0,ATL,PHX,1587,21,0,0.0,4.0,0.0,0.0,[1996.0,1.0,11.0,4.0,1215.0,1215.0,0.0,723.0,4.0,0.0,1587.0,0.0,0.0],13.106078659875632] [1996,1,11,4,1737,1730,1940,DL,689,N644DL,250,-9.0,7,ATL,PHX,1587,22,0,0.0,21.0,0.0,0.0,[1996.0,1.0,11.0,4.0,1737.0,1730.0,0.0,689.0,21.0,7.0,1587.0,0.0,0.0],8.110799106405832] [1996,1,12,5,1640,1550,1745,DL,411,N2815W,235,15.0,50,ATL,PHX,1587,8,0,0.0,32.0,0.0,0.0,[1996.0,1.0,12.0,5.0,1640.0,1550.0,0.0,411.0,32.0,50.0,1587.0,0.0,0.0],45.268962586780816] [1996,1,12,5,1749,1730,1940,DL,689,N608DA,250,-15.0,19,ATL,PHX,1587,16,0,0.0,48.0,0.0,0.0,[1996.0,1.0,12.0,5.0,1749.0,1730.0,0.0,689.0,48.0,19.0,1587.0,0.0,0.0],15.22956814502599] [1996,1,13,6,1217,1215,1412,DL,723,N650DL,237,-4.0,2,ATL,PHX,1587,19,0,0.0,17.0,0.0,0.0,[1996.0,1.0,13.0,6.0,1217.0,1215.0,0.0,723.0,17.0,2.0,1587.0,0.0,0.0],14.08217294196208] [1996,1,14,7,1819,1730,1940,DL,689,N626DL,250,24.0,49,ATL,PHX,1587,24,0,0.0,46.0,0.0,0.0,[1996.0,1.0,14.0,7.0,1819.0,1730.0,0.0,689.0,46.0,49.0,1587.0,0.0,0.0],43.08755615832591] [1996,1,15,1,1218,1215,1412,DL,723,N642DL,237,-7.0,3,ATL,PHX,1587,24,0,0.0,13.0,0.0,0.0,[1996.0,1.0,15.0,1.0,1218.0,1215.0,0.0,723.0,13.0,3.0,1587.0,0.0,0.0],18.80741637899831] [1996,1,15,1,1553,1550,1745,DL,411,N532DA,235,-2.0,3,ATL,PHX,1587,27,0,0.0,50.0,0.0,0.0,[1996.0,1.0,15.0,1.0,1553.0,1550.0,0.0,411.0,50.0,3.0,1587.0,0.0,0.0],4.098602985748483] [1996,1,15,1,1732,1730,1940,DL,689,N685DA,250,-10.0,2,ATL,PHX,1587,30,0,0.0,10.0,0.0,0.0,[1996.0,1.0,15.0,1.0,1732.0,1730.0,0.0,689.0,10.0,2.0,1587.0,0.0,0.0],9.868724615688356] [1996,1,16,2,1550,1550,1745,DL,411,N494DA,235,-9.0,0,ATL,PHX,1587,14,0,0.0,41.0,0.0,0.0,[1996.0,1.0,16.0,2.0,1550.0,1550.0,0.0,411.0,41.0,0.0,1587.0,0.0,0.0],3.5645033932654613] [1996,1,16,2,1847,1730,1940,DL,689,N634DL,250,63.0,77,ATL,PHX,1587,8,0,0.0,43.0,0.0,0.0,[1996.0,1.0,16.0,2.0,1847.0,1730.0,0.0,689.0,43.0,77.0,1587.0,0.0,0.0],72.60285183951638] [1996,1,17,3,1239,1215,1412,DL,723,N618DL,237,35.0,24,ATL,PHX,1587,19,0,0.0,40.0,0.0,0.0,[1996.0,1.0,17.0,3.0,1239.0,1215.0,0.0,723.0,40.0,24.0,1587.0,0.0,0.0],34.932794467035805] [1996,1,18,4,1250,1215,1412,DL,723,N639DL,237,66.0,35,ATL,PHX,1587,28,0,0.0,23.0,0.0,0.0,[1996.0,1.0,18.0,4.0,1250.0,1215.0,0.0,723.0,23.0,35.0,1587.0,0.0,0.0],48.723494054488526] [1996,1,18,4,1630,1550,1745,DL,411,N543DA,235,66.0,40,ATL,PHX,1587,23,0,0.0,31.0,0.0,0.0,[1996.0,1.0,18.0,4.0,1630.0,1550.0,0.0,411.0,31.0,40.0,1587.0,0.0,0.0],42.0491128972286] [1996,1,19,5,1634,1550,1745,DL,411,N518DA,235,78.0,44,ATL,PHX,1587,28,0,0.0,51.0,0.0,0.0,[1996.0,1.0,19.0,5.0,1634.0,1550.0,0.0,411.0,51.0,44.0,1587.0,0.0,0.0],42.98005666635043] [1996,1,19,5,1747,1730,1940,DL,689,N625DL,250,39.0,17,ATL,PHX,1587,24,0,0.0,8.0,0.0,0.0,[1996.0,1.0,19.0,5.0,1747.0,1730.0,0.0,689.0,8.0,17.0,1587.0,0.0,0.0],26.825022261547467] [1996,1,20,6,1241,1215,1412,DL,723,N635DL,237,25.0,26,ATL,PHX,1587,11,0,0.0,38.0,0.0,0.0,[1996.0,1.0,20.0,6.0,1241.0,1215.0,0.0,723.0,38.0,26.0,1587.0,0.0,0.0],39.184305374205074] [1996,1,20,6,1552,1550,1745,DL,411,N2826W,235,2.0,2,ATL,PHX,1587,8,0,0.0,26.0,0.0,0.0,[1996.0,1.0,20.0,6.0,1552.0,1550.0,0.0,411.0,26.0,2.0,1587.0,0.0,0.0],10.746136608647069] [1996,1,20,6,1740,1730,1940,DL,689,N625DL,250,20.0,10,ATL,PHX,1587,26,0,0.0,8.0,0.0,0.0,[1996.0,1.0,20.0,6.0,1740.0,1730.0,0.0,689.0,8.0,10.0,1587.0,0.0,0.0],21.03892055387475] [1996,1,21,7,1226,1215,1412,DL,723,N646DL,237,14.0,11,ATL,PHX,1587,11,0,0.0,3.0,0.0,0.0,[1996.0,1.0,21.0,7.0,1226.0,1215.0,0.0,723.0,3.0,11.0,1587.0,0.0,0.0],32.04449883322083] [1996,1,21,7,1738,1730,1940,DL,689,N682DA,250,43.0,8,ATL,PHX,1587,37,0,0.0,16.0,0.0,0.0,[1996.0,1.0,21.0,7.0,1738.0,1730.0,0.0,689.0,16.0,8.0,1587.0,0.0,0.0],18.49436369031072] [1996,1,22,1,1219,1215,1412,DL,723,N617DL,237,28.0,4,ATL,PHX,1587,16,0,0.0,6.0,0.0,0.0,[1996.0,1.0,22.0,1.0,1219.0,1215.0,0.0,723.0,6.0,4.0,1587.0,0.0,0.0],27.479147534111153] [1996,1,22,1,1734,1730,1940,DL,689,N616DL,250,30.0,4,ATL,PHX,1587,32,0,0.0,30.0,0.0,0.0,[1996.0,1.0,22.0,1.0,1734.0,1730.0,0.0,689.0,30.0,4.0,1587.0,0.0,0.0],14.803526915367753] [1996,1,23,2,1553,1550,1745,DL,411,N537DA,235,20.0,3,ATL,PHX,1587,20,0,0.0,0.0,0.0,0.0,[1996.0,1.0,23.0,2.0,1553.0,1550.0,0.0,411.0,0.0,3.0,1587.0,0.0,0.0],19.95532677981283] [1996,1,23,2,1740,1730,1940,DL,689,N646DL,250,41.0,10,ATL,PHX,1587,37,0,0.0,3.0,0.0,0.0,[1996.0,1.0,23.0,2.0,1740.0,1730.0,0.0,689.0,3.0,10.0,1587.0,0.0,0.0],25.697975975582274] [1996,1,24,3,1240,1215,1412,DL,723,N632DL,237,71.0,25,ATL,PHX,1587,26,0,0.0,1.0,0.0,0.0,[1996.0,1.0,24.0,3.0,1240.0,1215.0,0.0,723.0,1.0,25.0,1587.0,0.0,0.0],49.12923469207642] [1996,1,25,4,1554,1550,1745,DL,411,N526DA,235,29.0,4,ATL,PHX,1587,21,0,0.0,14.0,0.0,0.0,[1996.0,1.0,25.0,4.0,1554.0,1550.0,0.0,411.0,14.0,4.0,1587.0,0.0,0.0],19.834229481145904] [1996,1,25,4,1741,1730,1940,DL,689,N637DL,250,42.0,11,ATL,PHX,1587,32,0,0.0,4.0,0.0,0.0,[1996.0,1.0,25.0,4.0,1741.0,1730.0,0.0,689.0,4.0,11.0,1587.0,0.0,0.0],27.821291736573503] [1996,1,26,5,1239,1215,1412,DL,723,N647DL,237,43.0,24,ATL,PHX,1587,10,0,0.0,11.0,0.0,0.0,[1996.0,1.0,26.0,5.0,1239.0,1215.0,0.0,723.0,11.0,24.0,1587.0,0.0,0.0],47.849637182514215] [1996,1,26,5,1639,1550,1745,DL,411,N546DA,235,71.0,49,ATL,PHX,1587,11,0,0.0,15.0,0.0,0.0,[1996.0,1.0,26.0,5.0,1639.0,1550.0,0.0,411.0,15.0,49.0,1587.0,0.0,0.0],60.35673310535785] [1996,1,26,5,1912,1730,1940,DL,689,N617DL,250,100.0,102,ATL,PHX,1587,10,0,0.0,6.0,0.0,0.0,[1996.0,1.0,26.0,5.0,1912.0,1730.0,0.0,689.0,6.0,102.0,1587.0,0.0,0.0],109.10513415876133] [1996,1,27,6,1600,1550,1745,DL,411,N537DA,235,16.0,10,ATL,PHX,1587,21,0,0.0,0.0,0.0,0.0,[1996.0,1.0,27.0,6.0,1600.0,1550.0,0.0,411.0,0.0,10.0,1587.0,0.0,0.0],27.57491726003364] [1996,1,27,6,1747,1730,1940,DL,689,N681DA,250,33.0,17,ATL,PHX,1587,33,0,0.0,12.0,0.0,0.0,[1996.0,1.0,27.0,6.0,1747.0,1730.0,0.0,689.0,12.0,17.0,1587.0,0.0,0.0],33.35879950010868] [1996,1,28,7,1550,1550,1745,DL,411,N520DA,235,19.0,0,ATL,PHX,1587,16,0,0.0,33.0,0.0,0.0,[1996.0,1.0,28.0,7.0,1550.0,1550.0,0.0,411.0,33.0,0.0,1587.0,0.0,0.0],14.912883527266295] [1996,1,28,7,1735,1730,1940,DL,689,N681DA,250,22.0,5,ATL,PHX,1587,30,0,0.0,12.0,0.0,0.0,[1996.0,1.0,28.0,7.0,1735.0,1730.0,0.0,689.0,12.0,5.0,1587.0,0.0,0.0],22.949975680845306] [1996,1,29,1,1220,1215,1412,DL,723,N645DL,237,20.0,5,ATL,PHX,1587,26,0,0.0,29.0,0.0,0.0,[1996.0,1.0,29.0,1.0,1220.0,1215.0,0.0,723.0,29.0,5.0,1587.0,0.0,0.0],30.9714639361667] [1996,1,29,1,1600,1550,1745,DL,411,N290WA,235,9.0,10,ATL,PHX,1587,17,0,0.0,19.0,0.0,0.0,[1996.0,1.0,29.0,1.0,1600.0,1550.0,0.0,411.0,19.0,10.0,1587.0,0.0,0.0],27.404731630741146] [1996,1,29,1,1730,1730,1940,DL,689,N642DL,250,15.0,0,ATL,PHX,1587,32,0,0.0,13.0,0.0,0.0,[1996.0,1.0,29.0,1.0,1730.0,1730.0,0.0,689.0,13.0,0.0,1587.0,0.0,0.0],20.579007543242383] [1996,1,29,1,2039,1930,2139,DL,345,N673DL,249,66.0,69,ATL,PHX,1587,10,0,0.0,22.0,0.0,0.0,[1996.0,1.0,29.0,1.0,2039.0,1930.0,0.0,345.0,22.0,69.0,1587.0,0.0,0.0],74.74832344890042] [1996,1,30,2,1607,1550,1745,DL,411,N528DA,235,35.0,17,ATL,PHX,1587,33,0,0.0,45.0,0.0,0.0,[1996.0,1.0,30.0,2.0,1607.0,1550.0,0.0,411.0,45.0,17.0,1587.0,0.0,0.0],30.073425716205893] [1996,1,30,2,1749,1730,1940,DL,689,N604DL,250,55.0,19,ATL,PHX,1587,51,0,0.0,7.0,0.0,0.0,[1996.0,1.0,30.0,2.0,1749.0,1730.0,0.0,689.0,7.0,19.0,1587.0,0.0,0.0],39.86694376645246] [1996,1,31,3,1246,1215,1412,DL,723,N603DL,237,55.0,31,ATL,PHX,1587,20,0,0.0,35.0,0.0,0.0,[1996.0,1.0,31.0,3.0,1246.0,1215.0,0.0,723.0,35.0,31.0,1587.0,0.0,0.0],55.34515446293494] [1996,1,31,3,1604,1550,1745,DL,411,N536DA,235,29.0,14,ATL,PHX,1587,12,0,0.0,2.0,0.0,0.0,[1996.0,1.0,31.0,3.0,1604.0,1550.0,0.0,411.0,2.0,14.0,1587.0,0.0,0.0],35.40932951052115] [1996,1,31,3,1956,1930,2139,DL,345,N685DA,249,52.0,26,ATL,PHX,1587,27,0,0.0,10.0,0.0,0.0,[1996.0,1.0,31.0,3.0,1956.0,1930.0,0.0,345.0,10.0,26.0,1587.0,0.0,0.0],40.03115515777495]
